%YAML:1.0
T_hand2eye: !!opencv-matrix
   rows: 4
   cols: 4
   dt: d
   data: [ -9.9742614365957327e-01, 7.0482590733490141e-02,
       -1.3164055146031774e-02, 3.3614218573907484e-01,
       4.5607709994797387e-02, 4.8199025699485165e-01,
       -8.7498875932840880e-01, 7.8267793153914689e-01,
       -5.5326528297218264e-02, -8.7333704637186493e-01,
       -4.8396423287371604e-01, 4.6455636501369307e-01, 0., 0., 0., 1. ]
T_eye2hand: !!opencv-matrix
   rows: 4
   cols: 4
   dt: d
   data: [ -9.9742614365957305e-01, 4.5607709994797352e-02,
       -5.5326528297218250e-02, 3.2528314679664300e-01,
       7.0482590733490086e-02, 4.8199025699485093e-01,
       -8.7333704637186449e-01, 4.7789742218486177e-03,
       -1.3164055146031759e-02, -8.7498875932840836e-01,
       -4.8396423287371632e-01, 9.1408805136159410e-01, 0., 0., 0., 1. ]
